   level  length istart jstart energy
      1      7      1     36   -228
      1      2     11     29   -228
      4      1     15     26   -220
      3      1     14     27   -221
      1      3     17     26   -228
      4      3     17     29   -220
      3      7     10     69   -221
      4      3     39     47   -219
      3      2     37     50   -221
      3      8     26     61   -221
      3      2     41     48   -221
      1      1     37     59   -228
      1      5     39     58   -228
